{
  "model": "gemma-2-27b-it",
  "names": [
    "skeptic",
    "devils_advocate",
    "judge",
    "peacekeeper",
    "pacifist",
    "collaborator",
    "caa"
  ],
  "matrix": [
    [
      1.0000007152557373,
      0.6411426067352295,
      0.5146391987800598,
      0.31169891357421875,
      0.12573544681072235,
      0.4112122356891632,
      0.0640062540769577
    ],
    [
      0.6411426067352295,
      0.9999998211860657,
      0.4334012269973755,
      0.34993207454681396,
      0.40858525037765503,
      0.188853457570076,
      0.003016835078597069
    ],
    [
      0.5146391987800598,
      0.4334012269973755,
      1.0000007152557373,
      0.6530139446258545,
      0.5539788007736206,
      0.19633953273296356,
      0.08541703969240189
    ],
    [
      0.31169891357421875,
      0.34993207454681396,
      0.6530139446258545,
      1.0000007152557373,
      0.8491967916488647,
      0.4330224394798279,
      0.06511015444993973
    ],
    [
      0.12573544681072235,
      0.40858525037765503,
      0.5539788007736206,
      0.8491967916488647,
      1.0000004768371582,
      0.24856114387512207,
      0.07565366476774216
    ],
    [
      0.4112122356891632,
      0.188853457570076,
      0.19633953273296356,
      0.4330224394798279,
      0.24856114387512207,
      1.000001072883606,
      0.16481372714042664
    ],
    [
      0.0640062540769577,
      0.003016835078597069,
      0.08541703969240189,
      0.06511015444993973,
      0.07565366476774216,
      0.16481372714042664,
      0.999999463558197
    ]
  ]
}