{
  "model": "qwen3-32b",
  "names": [
    "skeptic",
    "devils_advocate",
    "judge",
    "peacekeeper",
    "pacifist",
    "collaborator",
    "caa"
  ],
  "matrix": [
    [
      1.0000014305114746,
      0.7107784748077393,
      0.6993592977523804,
      0.3603944778442383,
      0.19357819855213165,
      0.13113044202327728,
      -0.10489188134670258
    ],
    [
      0.7107784748077393,
      1.000001311302185,
      0.34302273392677307,
      0.28557491302490234,
      0.21583406627178192,
      0.20112833380699158,
      -0.10784083604812622
    ],
    [
      0.6993592977523804,
      0.34302273392677307,
      1.000001311302185,
      0.5472140312194824,
      0.39440101385116577,
      0.15200723707675934,
      -0.042331159114837646
    ],
    [
      0.3603944778442383,
      0.28557491302490234,
      0.5472140312194824,
      1.0000014305114746,
      0.7942982912063599,
      0.6768434643745422,
      -0.017069527879357338
    ],
    [
      0.19357819855213165,
      0.21583406627178192,
      0.39440101385116577,
      0.7942982912063599,
      1.000001072883606,
      0.42608314752578735,
      0.03202124312520027
    ],
    [
      0.13113044202327728,
      0.20112833380699158,
      0.15200723707675934,
      0.6768434643745422,
      0.42608314752578735,
      1.0000022649765015,
      -0.021591579541563988
    ],
    [
      -0.10489188134670258,
      -0.10784083604812622,
      -0.042331159114837646,
      -0.017069527879357338,
      0.03202124312520027,
      -0.021591579541563988,
      1.000000238418579
    ]
  ]
}